pheno_name	heritability	experimental	residuals	ratio_test_p	residuals_norm_p	het_test_p
OTU-B_1	9	53	38	0.138296069189801	0.415231436617748	0.886995486043692
OTU-B_2	16	46	38	0.0240669627380337	0.263978307815574	0.921160808861084
OTU-B_3224	0	43	57	1	2.44621880072093e-08	0.42609111042685
OTU-B_137	0	12	88	1	0.592466006976103	0.987450956364921
OTU-B_3212	14	28	58	0.232951914303161	8.34759764894728e-09	0.486781140225053
OTU-B_463	0	12	88	1	0.000887137454275155	0.985594637592543
OTU-B_2275	3	2	95	1	0.00478315272840432	0.878831688008287
OTU-B_3357	3	20	77	1	6.93354178382261e-05	0.898772599263407
OTU-B_1532	3	6	91	1	0.316923414743385	0.972395252339433
OTU-B_1178	0	40	60	1	5.88120235558637e-05	0.582252548103064
OTU-B_3373	19	14	67	0.110886182623396	0.127883370807238	0.943029694414051
OTU-B_1732	11	15	74	0.403763687399441	0.00122435835393466	0.941142456279752
OTU-B_2822	10	4	86	0.531545257010834	9.10630059556183e-15	0.0750345647641208
OTU-B_3012	9	9	82	0.625231985605945	1.07013651151206e-08	0.571535335009633
OTU-B_3507	15	34	51	0.0735579874732204	9.17203940547554e-08	0.452283927448432
OTU-B_3288	7	19	74	0.669360722338471	8.7588390125514e-15	0.596616967518091
OTU-B_3746	17	15	68	0.126616394624397	9.97567214116764e-06	0.813759078846265
OTU-B_1538	9	20	71	0.502727431991152	0.0311511062016284	0.673653166244701
OTU-B_934	14	41	45	0.0505676849157661	0.306006051884351	0.804130958081711
OTU-B_2117	0	25	75	1	0.0153953084601795	0.397109641800823
OTU-B_27	7	50	43	0.380545166960052	0.992010606706206	4.34701953510954e-06
OTU-B_607	4	52	44	0.766568981886009	0.000138992543953806	0.357471715317389
OTU-B_52	0	35	65	1	0.254742703849977	0.942929972779066
OTU-B_391	5	9	86	0.963360907019604	2.14610179385899e-06	0.476989669604765
OTU-B_454	0	8	92	1	7.64182748810052e-05	0.964097905021669
OTU-B_1978	17	53	30	0.00184542638994964	0.000115884401342547	0.408865660070405
OTU-B_2082	1	49	50	1	0.00474964311905905	0.688389654117596
OTU-B_2567	4	11	85	1	5.75148588311651e-07	0.805269299383636
OTU-B_3597	8	31	61	0.467958077879933	5.66139996111404e-09	0.498846290302389
OTU-B_2911	13	37	50	0.13164728509596	2.00365054780502e-07	0.763523096034412
OTU-B_2756	0	8	92	1	3.35713507748928e-06	0.499416001092004
OTU-B_110	8	52	40	0.282012945634705	0.840907128846907	0.901982717274597
OTU-B_1637	0	20	80	1	0.0158655022950847	0.517071487891133
OTU-B_684	0	48	52	1	3.85511305749957e-06	0.189732960816504
OTU-B_1221	0	44	56	1	0.0805604749824536	0.876064788746956
OTU-B_1438	20	1	79	0.13164728509596	0.000118036490682047	0.291472733948701
OTU-B_2028	8	6	86	0.662720669245385	3.57775685501472e-06	0.490991958108454
OTU-B_1993	3	11	86	1	4.57436111161128e-09	0.978254289671243
OTU-B_2055	4	4	92	1	0.00574768963466727	0.976909702605231
OTU-B_3414	6	64	30	0.229095806304779	7.38901629004949e-13	0.0532015373238937
OTU-B_1233	0	6	94	1	0.000629809168992191	0.890017362303898
OTU-B_803	6	19	75	0.757181526974226	1.20073140581451e-05	0.488353033738695
OTU-B_1136	0	2	98	1	3.4315624134925e-06	0.929582618929597
OTU-B_2624	7	9	84	0.733964698019428	6.11157268182456e-06	0.591939427417672
OTU-B_1177	2	10	88	1	0.124917333943969	0.693314935500322
OTU-B_2583	12	29	59	0.229929437105007	3.46284641080688e-07	0.319215630182425
OTU-B_2016	0	13	87	1	0.0142320755159117	0.806752739471142
OTU-B_388	2	60	38	1	0.00351398842905008	0.483534079878728
OTU-B_702	4	68	28	0.505350328471941	0.000166102700837479	0.529989119108789
OTU-B_407	17	46	37	0.0135215672329495	0.190699277969989	0.937464434250512
OTU-B_764	19	6	75	0.130030681992084	0.000134914843287944	0.633290073801981
OTU-B_3370	6	12	82	0.771036599956015	2.8689113590942e-11	0.626404513575836
OTU-B_2871	17	20	63	0.0824176398029944	1.58821956924118e-07	0.392022580311501
OTU-B_3664	10	20	70	0.439430105337017	7.88721137775153e-05	0.85209537564165
OTU-B_2600	14	1	85	0.365000626532328	2.20646809679754e-06	0.267581904772222
OTU-B_1054	8	11	81	0.689921849837444	1.67577658846437e-10	0.1111126600512
OTU-B_2895	3	9	88	1	3.47229239467933e-09	0.905802807536306
OTU-B_1504	2	13	85	1	0.16874366445068	0.828125331695781
OTU-B_51	31	23	46	0.00114358949073406	0.346649435176644	0.924710355691812
OTU-B_1432	9	20	71	0.514941934212131	0.00475271909919556	0.167554899457385
OTU-B_843	15	30	55	0.102834050484405	1.51022628734319e-08	0.0840214217793707
OTU-B_392	12	23	65	0.282713660858395	9.75559299273766e-07	0.313500796890465
OTU-B_2149	8	39	53	0.42136517434395	0.158517347640251	0.385600205520638
OTU-B_2539	10	19	71	0.500328031480605	6.38168752675559e-11	0.182922905368156
OTU-B_2771	3	14	83	1	8.60928888959953e-11	0.679277286573889
OTU-B_150	0	11	89	1	0.50420992171825	0.990913764049137
OTU-B_2088	7	9	84	0.775237582419727	2.01566988795662e-07	0.455118952764442
OTU-B_2916	18	33	49	0.0416478509932437	9.84538266101943e-11	0.109844846714104
OTU-B_2625	0	19	81	1	1.35528313939725e-06	0.831230407605104
OTU-B_3347	13	24	63	0.2290642145669	8.30019778343785e-09	0.579556849586033
OTU-B_624	5	35	60	0.82574536978099	0.465759598448134	0.538119211495277
OTU-B_1288	0	9	91	1	0.640873146067343	0.50858879891124
OTU-B_3245	23	25	52	0.00940044353401813	1.93125946593057e-11	0.481893715537586
OTU-B_1269	5	33	62	0.766568981886009	8.82051812884882e-15	0.0280554180747461
OTU-B_404	36	28	36	1.17258835287674e-06	0.632638594522068	0.787312489327179
OTU-B_2134	12	5	83	0.411234775952181	4.66851436470312e-05	0.519023331629878
OTU-B_839	13	5	82	0.302599523716873	0.00141383515480491	0.74116858406027
OTU-B_1721	9	17	74	0.537780485228302	0.105389252075207	0.853249885017045
OTU-B_1789	7	24	69	0.640732994885938	0.567208072693475	0.544051558549031
OTU-B_1589	4	39	57	0.81428118396728	0.00354819726799726	0.756996385448628
OTU-B_140	24	38	38	0.000600087569461677	0.669065060188735	0.792138595003376
OTU-B_447	11	29	60	0.302643706217201	0.025813326188509	0.540504013499427
OTU-B_2691	15	3	82	0.247209928876048	3.76590768502407e-05	0.616791317386027
OTU-B_1108	1	35	64	1	0.00251240424607996	0.972202108109625
OTU-B_3351	14	12	74	0.263890889100948	2.50152296517072e-11	0.251365928582724
OTU-B_1614	6	15	79	0.683764210847456	2.01788197219081e-05	0.0872828939591874
OTU-B_1294	12	26	62	0.311794320482081	0.182817678768826	0.556761741358941
OTU-B_1181	14	42	44	0.0583578308901208	0.254686828582939	0.973542849684228
OTU-B_1265	5	38	57	0.693988897767884	0.400589597938398	0.666680904839338
OTU-B_1375	25	34	41	0.000901616160742682	0.521274185879796	0.801152465765233
OTU-B_492	10	39	51	0.258528940030237	0.295237939216023	0.711159817012742
OTU-B_3675	9	18	73	0.495344113893037	9.75269393278458e-07	0.969499568156285
OTU-B_959	13	12	75	0.363941984311019	0.315891446365887	0.66363161787688
OTU-B_3265	38	14	48	3.58461818085585e-05	4.47795709853558e-09	0.695736647214211
OTU-B_692	6	40	54	0.652528661214326	0.304218425166448	0.783708539390428
OTU-B_103	0	24	76	1	0.61677395737578	0.805114489691359
OTU-B_1271	0	43	57	1	0.212866895589594	0.921540458458916
OTU-B_3126	16	28	56	0.0705837393248517	6.50679443387909e-08	0.297646214982804
OTU-B_2606	6	21	73	0.722482787231256	2.46793584393039e-08	0.365650736468802
OTU-B_2392	6	9	85	0.795210986894965	0.000756415959778663	0.503213644226471
OTU-B_1153	7	13	80	0.767689262117157	0.0025434495469335	0.728232452644993
OTU-B_53	2	34	64	1	0.896574998402219	0.826834624728016
OTU-B_1130	1	4	95	1	0.000904730639736613	0.169906667838664
OTU-B_2343	22	17	61	0.0277399240234778	3.48972224160112e-06	0.455716839855265
OTU-B_466	12	34	54	0.181815235875188	0.0085535631608167	0.793638745610232
OTU-B_2479	0	11	89	1	0.0134955772788714	0.850303833062382
OTU-B_548	0	18	82	1	0.0175433143921738	0.687552695986357
OTU-B_1927	12	3	85	0.420761511961631	0.0766219639050034	0.688815166975829
OTU-B_2066	5	26	69	0.834576244338545	0.00014359988974421	0.644622916685219
OTU-B_3774	13	28	59	0.188946821236341	1.06538519950486e-08	0.508349591529851
OTU-B_3777	8	50	42	0.254006602833325	4.03204209197002e-10	0.473192815370071
OTU-B_451	6	45	49	0.592102218624217	1.82006247684167e-07	0.583343616258038
OTU-B_1123	5	69	26	0.206059636806241	0.000166782136373126	0.478296106434017
OTU-B_2572	0	14	86	1	7.10459116732907e-17	0.398862734655475
OTU-B_1260	13	28	59	0.180854333423444	0.196021581170301	0.964507881979841
OTU-B_1377	12	10	78	0.388664353035396	0.860118017395457	0.740692117884618
OTU-B_1646	5	8	87	0.953468490643147	0.202038116472714	0.909433179671624
OTU-B_2433	4	11	85	1	0.00114980700774334	0.738490664957526
OTU-B_712	5	30	65	0.857291000183119	0.000781273425884381	0.275120041212827
OTU-B_1237	0	26	74	1	0.744548282991132	0.975569017605453
OTU-B_1717	1	0	99	1	0.0337213120653154	0.913345322919256
OTU-B_3045	9	13	78	0.529133406803437	0.000215309654780366	0.782238306612079
OTU-B_1626	19	36	45	0.0209915076912653	0.0906385413149969	0.360717255220888
OTU-B_3457	13	18	69	0.24248436296397	9.02450575294189e-06	0.849576688860086
OTU-B_3	13	44	43	0.11347353984133	0.436699182480272	0.967526883227703
OTU-B_85	3	30	67	1	0.645494408095944	0.820897863941948
OTU-B_387	5	68	27	0.273460514712968	0.396272447815957	0.727637839160234
OTU-B_367	14	49	37	0.0316296356748032	0.582883604517848	0.685613791911782
OTU-B_9	11	48	41	0.127139072863393	0.026122766598934	0.874234916307055
OTU-B_16	12	27	61	0.267073589010191	0.246632598301518	0.98316271206395
OTU-B_25	0	49	51	1	0.828806731767103	0.917343876961552
OTU-B_155	14	35	51	0.0859792224284573	0.494315506284189	0.920823836265628
OTU-B_1078	3	43	54	0.934941019331503	0.0113351307653851	0.624832778593563
OTU-B_2025	10	28	62	0.38673420254334	0.00160225803130838	0.662422016141735
OTU-B_2239	20	5	75	0.111398410190114	5.15273307027458e-07	0.378313589692165
OTU-B_2468	14	40	46	0.0586039693809043	8.38003927050453e-10	0.142872061413825
OTU-B_1001	8	44	48	0.458296504053565	0.137481978344317	0.820126248039429
OTU-B_77	11	40	49	0.134327936329641	0.558759411386783	0.762656370193803
OTU-B_911	9	33	58	0.380545166960052	0.380528932667532	0.594959138336179
OTU-B_135	11	7	82	0.403404131520434	0.0800131744491488	0.767535127879741
OTU-B_2154	6	75	19	0.0740136636718683	1.33856230318226e-07	0.620061584322888
OTU-B_3529	0	50	50	1	1.95456790279116e-05	0.613816068065702
OTU-B_3159	2	27	71	1	7.16003040540839e-07	0.799225929916515
OTU-B_2422	0	24	76	1	1.94250552569295e-06	0.639140379533782
OTU-B_2444	21	5	74	0.105968762989428	0.370099213806576	0.894432268920005
OTU-B_228	7	22	71	0.618749311678924	0.845136534631994	0.943575880971984
OTU-B_96	10	15	75	0.41623194480684	5.20746147653032e-05	0.754122489912118
OTU-B_1505	0	0	100	1	0.0820750755278593	1
OTU-B_520	5	12	83	0.894958324413037	1.76348799263651e-10	0.838584765378816
OTU-B_3071	15	1	84	0.267551435314678	0.00162993393157761	0.42476015826375
OTU-B_1039	0	16	84	1	1.56749325070769e-06	0.7713416244112
OTU-B_1651	13	0	87	0.380545166960052	0.000455407388592174	0.770091190507536
OTU-B_2287	18	17	65	0.0924323715226307	0.0175830343236958	0.685468935753494
OTU-B_900	9	58	33	0.111638964452214	0.283608826212502	0.716050791491305
OTU-B_676	0	31	69	1	0.00195533663826815	0.895474587186101
OTU-B_3766	6	28	66	0.679551929897226	2.62607115713402e-05	0.945684321940516
OTU-B_3124	0	13	87	1	1.20155026383778e-08	0.968117512889493
OTU-B_3588	7	71	22	0.0575369027391417	2.8448360746297e-08	0.899450980950115
OTU-B_1100	3	24	73	1	0.000888887623977978	0.741392745113524
OTU-B_3048	2	25	73	1	3.62274248816571e-06	0.945206359352495
OTU-B_2060	0	8	92	1	0.00365232797144429	0.825841940538437
OTU-B_2387	1	32	67	1	0.00217224121836458	0.705830997907485
OTU-B_19	19	9	72	0.102112406960395	0.122182600871052	0.922390521623611
OTU-B_956	7	10	83	0.73412518168761	9.69685714392066e-06	0.429166287514108
OTU-B_115	13	14	73	0.289806317987262	0.00129399297937769	0.948079130052935
OTU-B_308	2	13	85	1	5.01427470779624e-07	0.317392389062008
OTU-B_2973	0	5	95	1	5.22456844950091e-08	0.981623584149377
OTU-B_840	14	13	73	0.397660734822997	2.83326598505418e-14	0.0739812138648154
OTU-B_2110	22	5	73	0.069265642885469	0.013562687728475	0.880022031371523
OTU-B_648	0	13	87	1	2.69230988636455e-07	0.252365033555614
OTU-B_1757	0	6	94	1	7.20056048890586e-07	0.490119289730344
OTU-B_2948	6	16	78	0.782843542946684	0.000385400022442468	0.747878805952087
OTU-B_494	0	12	88	1	1.99548564927483e-08	0.892767428563457
OTU-B_1341	14	0	86	0.345950631155678	0.000135827768454597	0.7643647464721
OTU-B_2004	1	5	94	1	0.00300116367510969	0.849294315195031
OTU-B_2741	1	6	93	1	2.20357966576985e-05	0.932183696057493
OTU-B_3608	21	28	51	0.0183867982856564	8.98442106824145e-10	0.463278911105206
OTU-B_2657	10	8	82	0.520103333148692	1.93734219475011e-05	0.553884775038841
OTU-B_1483	5	5	90	0.927002929107724	0.00121954472146269	0.964972168467885
OTU-B_143	9	9	82	0.680272195142705	0.0427429573703302	0.504763408536009
OTU-B_1199	1	5	94	1	0.00593271372720422	0.824318139706571
OTU-B_2778	21	12	67	0.0521665956330209	0.000398638852881981	0.604858782092846
OTU-B_3433	11	17	72	0.380545166960052	4.84855901048709e-14	0.276402622573443
OTU-B_344	13	18	69	0.247209928876048	6.9996460877015e-16	0.159374550808809
OTU-B_2238	0	6	94	1	9.40686931061563e-05	0.76098301810385
OTU-B_2294	4	2	94	1	1.21366157083295e-09	0.0354983498826915
OTU-B_11	0	21	79	1	0.00365411413526775	0.739428083538188
OTU-B_1053	0	9	91	1	0.150564574462393	0.771173447772519
OTU-B_2556	1	19	80	1	1.4457941674651e-06	0.573664859677473
OTU-B_3724	15	24	61	0.128802629909884	6.11666225530784e-11	0.448148334149696
OTU-B_335	2	24	74	1	0.000431154561558239	0.534007794077671
OTU-B_1026	0	8	92	1	2.49505452840752e-06	0.536870237542526
OTU-B_68	18	19	63	0.117108696954996	0.185688127931538	0.879053890340774
OTU-B_636	9	3	88	0.62074012745288	2.58096210817592e-09	0.28709044582054
OTU-B_383	8	4	88	0.758882159793492	0.0233251474861832	0.888964907261274
OTU-B_455	0	3	97	1	0.00023174893230801	0.79739029601599
OTU-B_181	0	35	65	1	0.0677547468364679	0.901390626440982
OTU-B_1275	0	0	100	1	0.0111246885826156	1
OTU-B_693	0	16	84	1	0.00038292055175812	0.251705894931897
OTU-B_3641	10	7	83	0.51571263967826	3.44275855077673e-10	0.731652124339062
OTU-B_933	16	1	83	0.278970737345268	4.67484798253152e-05	0.595060064908776
OTU-B_3193	0	7	93	1	1.5205182793042e-07	0.658122348863056
OTU-B_2101	0	0	100	1	2.53518604515666e-06	1
OTU-B_3410	9	5	86	0.640456674290297	1.03524030661551e-08	0.944617626584784
OTU-B_1969	0	8	92	1	0.00472328660286691	0.209941364307965
OTU-B_44	11	44	45	0.111638964452214	0.185061900383952	0.95245885654238
OTU-B_829	24	6	70	0.0386157099213457	0.000931043464234751	0.607735367961367
OTU-B_2001	0	7	93	1	0.0401962059648694	0.862820707079245
OTU-B_247	2	42	56	1	6.08659068853913e-15	0.000804437633474132
OTU-B_1459	30	3	67	0.00638788380161451	0.00443762821148561	0.940075441672389
OTU-B_981	11	7	82	0.515904109899962	0.0193636782146823	0.528284543720954
OTU-B_773	0	9	91	1	8.68306648914332e-06	0.0611958745637331
OTU-B_2171	0	0	100	1	0.00620210662830665	1
OTU-B_2540	0	6	94	1	0.000120486128565386	0.895199097865335
OTU-B_1884	0	4	96	1	3.61506244049508e-08	0.298595651566389
OTU-B_97	0	8	92	1	1.76317322138497e-11	0.18240168445642
OTU-B_2790	3	12	85	1	7.94967983896177e-08	0.466111695225194
OTU-B_1215	0	24	76	1	0.114918552143185	0.583163143817196
OTU-B_562	0	6	94	1	2.95903230340168e-10	0.481832820530305
OTU-B_741	13	2	85	0.380545166960052	1.82385356056721e-08	0.363598486169223
OTU-B_64	8	20	72	0.618749311678924	0.12533093135934	0.926392442650546
OTU-B_1497	4	49	47	0.766568981886009	1.00711746990164e-11	0.0601007677431064
OTU-B_2960	0	7	93	1	1.87629370042862e-11	0.921092263451998
OTU-B_1021	3	34	63	0.998172304971074	3.12782170123116e-06	0.496877018983771
OTU-B_1926	0	1	99	1	2.44331124871659e-07	0.98090763882116
OTU-B_3144	2	9	89	1	0.000768162927103959	0.653806037414439
OTU-B_3089	0	16	84	1	7.9087768500851e-12	0.919118604584847
OTU-B_2837	2	10	88	1	1.12065753363749e-07	0.750333295134159
OTU-B_3509	4	14	82	1	7.51993153049248e-12	0.941503646447657
OTU-B_2234	0	6	94	1	0.00185110847374047	0.640259680932244
OTU-B_2651	0	10	90	1	0.00576042631933112	0.905410561234957
OTU-B_401	28	0	72	0.0245389901965406	1.87004120645992e-13	0.0172252089479147
OTU-B_745	0	32	68	1	0.00342608703716035	0.0486070049800263
OTU-B_1093	0	0	100	1	4.38626440130355e-06	0.514516492705702
OTU-B_2447	6	9	85	0.837163807376921	7.18079328826797e-06	0.459305805016719
OTU-B_1096	0	15	85	1	0.367914473562407	0.243736491722574
OTU-B_412	10	16	74	0.521632814322564	1.87306210410644e-13	0.190683496273315
OTU-B_2964	2	7	91	1	2.48739674250464e-05	0.614916866279594
OTU-B_779	0	3	97	1	3.41235206129297e-13	0.0652321877330236
OTU-B_1295	13	1	86	0.380545166960052	0.113826508994055	0.625647514282397
OTU-B_24	35	7	58	0.00062169274410114	0.544979109705048	0.875166940224358
OTU-B_3243	10	24	66	0.406219368697786	1.1508015716957e-15	0.25374763752194
OTU-B_83	10	67	23	0.0207932735767202	0.000296985013145401	0.11044420430202
OTU-B_665	27	46	27	2.93322477192516e-06	6.53970703081304e-05	0.457111799512948
OTU-B_659	22	0	78	0.0718497993586333	8.05375471019183e-10	0.116253865764955
OTU-B_1034	4	72	24	0.348157409496353	3.15808418387199e-06	0.850413210367225
OTU-B_1147	0	61	39	1	0.000155731197725814	0.794774076271891
OTU-B_3073	0	2	98	1	0.0121095126608088	0.506479717302056
OTU-B_572	0	0	100	1	6.11129973836918e-13	1
OTU-B_159	17	13	70	0.173513480077748	0.824913813599998	0.951597683129627
OTU-B_330	0	41	59	1	2.0252211252879e-10	3.84452278222577e-05
OTU-B_49	19	12	69	0.0875999981049554	0.171231752483052	0.616356795864942
OTU-B_3427	9	13	78	0.571905042662262	2.99649160763834e-15	0.443093807555424
OTU-B_111	0	12	88	1	0.526064214019143	0.933634926401959
OTU-B_507	20	58	22	3.59449726878405e-05	2.04491000990021e-09	0.640778992749505
OTU-B_1120	0	4	96	1	0.000113339445062488	0.797894713951149
OTU-B_1186	17	17	66	0.14595041861033	7.75523751939073e-05	0.316602411955332
OTU-B_50	6	17	77	0.768773826783775	0.000382911807619621	0.673261972961653
OTU-B_884	3	72	25	0.630701801989194	1.53234775397637e-05	0.558451596769529
OTU-B_1791	16	33	51	0.0789865843490547	0.01727074442496	0.7605387651433
OTU-B_1242	0	38	62	1	7.31913988903456e-05	0.343692755323566
OTU-B_306	2	10	88	1	0.000312707830705516	0.71293575889103
OTU-B_1653	16	1	83	0.291578695058736	0.224155914194783	0.832893816973986
OTU-B_410	11	9	80	0.461989081177157	2.59883510549855e-10	0.138424362905857
OTU-B_448	0	15	85	1	8.46104365136111e-11	0.0100737494970352
OTU-B_1027	0	18	82	1	0.26884660980239	0.22163113645775
OTU-B_1565	14	5	81	0.35066278030499	0.188440043484943	0.260153947471747
OTU-B_1113	24	44	32	0.00038921908460031	3.55053780729453e-09	0.880791616668168
OTU-B_2495	0	1	99	1	1.72523144685122e-09	0.656569925603122
OTU-B_564	0	68	32	1	0.000272524033651547	0.066207573433557
OTU-B_176	8	26	66	0.495344113893037	0.359155375463187	0.995793170121111
OTU-B_2000	19	2	79	0.155637390266491	9.615675446198e-08	0.0727803361404413
OTU-B_1479	0	32	68	1	0.000394909938110425	0.157466431551741
OTU-B_1447	13	4	83	0.432094159470516	0.0138881544511798	0.545843352790283
OTU-B_120	15	33	52	0.0635195013606415	3.04965181778554e-12	0.159666813988493
OTU-B_2487	1	0	99	1	3.99431160558572e-05	0.558317499465526
OTU-B_968	2	64	34	0.94686278534971	0.00083034143002927	0.788152638541258
OTU-B_498	16	79	5	5.70614499031795e-18	0.00188935017155777	0.815081078559163
OTU-B_2803	10	3	87	0.567201302935949	1.84782698791778e-07	0.334934344781199
OTU-B_2139	5	5	90	0.972318708090183	4.80388399363884e-11	0.0594651330054139
OTU-B_2152	1	2	97	1	0.00211444971750913	0.904104216663207
OTU-B_177	4	11	85	0.970222081744785	0.482565802219735	0.86952997228373
OTU-B_3059	2	12	86	1	9.65153822898439e-09	0.947225701424589
OTU-B_260	1	77	22	0.954865583746963	2.31767010536299e-11	0.0375443378271602
OTU-B_408	18	16	66	0.102112406960395	3.08005479520688e-14	0.0331285402321992
OTU-B_2901	15	10	75	0.273460514712968	0.000213286738278394	0.7712560338154
OTU-B_3058	1	10	89	1	9.73457247400473e-08	0.981757729047677
OTU-B_2607	0	0	100	1	1.00099576171611e-05	1
OTU-B_1203	21	34	45	0.0097948860078808	0.000257396142416344	0.89829344427676
OTU-B_2851	22	10	68	0.0393437988808125	1.05130614237358e-08	0.317902651984207
OTU-B_3530	9	14	77	0.502727431991152	2.63967131721108e-07	0.928382272150476
OTU-B_3518	5	7	88	0.887594212040666	8.61465004438483e-10	0.806814717370056
OTU-B_1141	0	28	72	1	0.0513025678382263	0.501073238119504
OTU-B_3763	15	16	69	0.154971974797805	1.01126105881546e-11	0.743470690671484
OTU-B_2162	0	1	99	1	9.20138477170103e-05	0.606602042177286
OTU-B_1826	5	2	93	0.958440419589934	3.56960049282258e-08	0.120223240357086
OTU-B_1287	0	10	90	1	0.173296354174108	0.934411140686446
OTU-B_3550	13	14	73	0.282581367847992	1.02708704790357e-05	0.727549771578393
OTU-B_762	0	12	88	1	0.0192572721607818	0.302283231714901
OTU-B_3771	8	30	62	0.532749912778098	6.82821893362953e-14	0.348702151998177
OTU-B_1397	1	51	48	1	0.000233618190570774	0.798928516099761
OTU-B_1872	7	20	73	0.67294054725648	3.50159919592407e-05	0.531498592418365
OTU-B_1764	0	0	100	1	1.77615938889791e-07	1
OTU-B_2379	6	0	94	0.894958324413037	4.39020708249253e-05	0.376181704505177
OTU-B_2575	3	1	96	1	4.18541590310778e-08	0.152114054148529
OTU-B_3379	5	18	77	0.878635341852271	2.78982401206842e-11	0.796692021427404
OTU-B_1908	0	14	86	1	0.00538477394789679	0.456832495211999
OTU-B_2794	10	14	76	0.474174326056151	5.85868357195378e-05	0.40346666560745
OTU-B_2896	5	13	82	0.850375192002204	1.79068744530349e-11	0.951092365479843
OTU-B_913	9	52	39	0.139811833844465	0.0482965536557216	0.457444373787579
OTU-B_752	5	37	58	0.700575743315548	0.0136089920541468	0.204359233812351
OTU-B_1533	5	16	79	0.889131927094635	0.106762681924532	0.934852614504162
OTU-B_1522	16	33	51	0.0414708824836835	8.2477702934023e-05	0.735628542498593
OTU-B_753	2	30	68	1	0.0261611607960158	0.574847528341191
OTU-B_789	2	32	66	1	6.13676371983941e-08	0.0129714601309093
OTU-B_60	0	58	42	1	0.0350335317944651	0.595670887388958
OTU-B_517	0	16	84	1	1.40592745070886e-09	0.315124125289453
OTU-B_1818	0	11	89	1	0.116207871175964	0.735617018493787
OTU-B_3087	2	13	85	1	5.01797822927364e-08	0.965947639290733
OTU-B_6	6	39	55	0.5864793256289	0.0694410211513006	0.866260020896253
OTU-B_1190	10	35	55	0.266400610000258	1.26908586307719e-06	0.243760113805564
OTU-B_1082	4	18	78	0.93818135874395	0.00134132733391547	0.252560826023826
OTU-B_3236	8	6	86	0.657865679841262	1.83653779217196e-05	0.923124831496525
OTU-B_3797	4	29	67	0.889131927094635	4.21325150053037e-15	0.617301879874398
OTU-B_99	3	14	83	1	7.50919044167608e-07	0.643227770903999
OTU-B_323	2	10	88	1	1.48299636941752e-08	0.0316607768932372
OTU-B_2571	10	8	82	0.541498888482698	2.78767324396646e-05	0.349001970823498
OTU-B_3356	20	12	68	0.091368216893465	6.01658639847047e-12	0.462902040571656
OTU-B_3252	8	20	72	0.546212501011181	0.000894381182470343	0.907162697311941
OTU-B_33	10	22	68	0.509417022656605	0.844896843106867	0.747506562261058
OTU-B_196	6	44	50	0.538553933386766	5.17742256703485e-11	0.959135075110567
OTU-B_2509	0	9	91	1	0.000294239122019393	0.634067324183224
OTU-B_1176	0	3	97	1	1.72811762258055e-11	0.436963254782317
OTU-B_384	0	37	63	1	0.000249813306976335	0.53694249266518
OTU-B_1778	2	4	94	1	9.56136492030142e-06	0.492027366067442
OTU-B_2508	17	0	83	0.191102210019359	1.02067120033458e-06	0.300456811792133
OTU-B_1140	0	21	79	1	0.0135748168141499	0.162198481432023
OTU-B_886	0	3	97	1	2.82894389950054e-06	0.536192736775053
OTU-B_1745	0	0	100	1	0.000858405822910365	1
OTU-B_1853	0	9	91	1	8.73833901556888e-07	0.731865289665906
OTU-B_3261	0	2	98	1	7.15037047497572e-09	0.671899876837101
OTU-B_202	0	48	52	1	1.37209220779972e-13	6.66173588815903e-07
OTU-B_275	7	39	54	0.483697871263736	3.7836385075177e-09	0.702444986301222
OTU-B_482	1	61	38	1	0.000330382303959692	0.127233324123723
OTU-B_1612	0	17	83	1	0.000928366896920598	0.261852421765364
OTU-B_1099	10	25	65	0.439191448446952	0.00180249411779069	0.11544445913503
OTU-B_2304	0	1	99	1	8.98472115802467e-05	0.905075057329427
OTU-B_2719	1	2	97	1	5.03666449509229e-08	0.665009031098683
OTU-B_1719	0	1	99	1	0.00190759595806469	0.596114874062367
OTU-B_3083	8	1	91	0.692859277017715	4.62979543022818e-13	0.0631746874586815
OTU-B_2018	2	4	94	1	0.000455762330929507	0.597478631947686
OTU-B_3527	3	29	68	1	2.43172288503143e-06	0.876510040232996
OTU-B_3767	9	20	71	0.526455639768429	6.34695378005574e-08	0.671186587272524
OTU-B_73	11	4	85	0.485455413625742	0.00480693152291399	0.780858467360641
OTU-B_674	15	0	85	0.277667866900722	4.53278244186463e-10	0.299303384824281
OTU-B_1445	12	11	77	0.371579387358798	0.259288378283195	0.877927167952802
OTU-B_1573	0	34	66	1	0.0284224048222739	0.637078056469524
OTU-B_3334	33	1	66	0.00356271999707197	1.51880889440471e-07	0.424787167138937
OTU-B_2799	0	2	98	1	3.84871789015282e-06	0.70999312754238
OTU-B_1223	2	22	76	1	0.0057523146964843	0.983686812743169
OTU-B_355	6	2	92	0.889131927094635	8.73380877191913e-12	0.0195279145137198
OTU-B_374	0	3	97	1	1.00557856406931e-10	0.0649127186216995
OTU-B_1852	2	6	92	1	0.0221227352569118	0.726437299228697
OTU-B_962	3	2	95	1	4.94314628756523e-07	0.25306891826347
OTU-B_2026	18	8	74	0.168349548958219	0.0382225602899523	0.724730361098816
OTU-B_3010	0	0	100	1	5.3924402499126e-07	1
OTU-B_1031	0	14	86	1	0.000198809568876075	0.977358985068874
OTU-B_166	17	16	67	0.181815235875188	0.468121667840169	0.719155531305837
OTU-B_3230	19	5	76	0.113499893656947	5.66557851928474e-08	0.688609014861428
OTU-B_794	0	17	83	1	0.0110078112939971	0.587710951469898
OTU-B_1098	0	14	86	1	4.86097842005746e-06	0.488497402278389
OTU-B_2174	0	2	98	1	2.066632342542e-07	0.740972190090611
OTU-B_3023	10	9	81	0.513197896201699	1.68651404742147e-06	0.805832820915445
OTU-B_1480	0	50	50	1	0.00353507306344974	0.968609252913737
OTU-B_2498	0	0	100	1	3.74956913518045e-05	0.986174320031844
OTU-B_318	0	63	37	1	1.62633425656499e-06	0.00579366473104115
OTU-B_1607	0	33	67	1	0.000146386898422205	0.36940907526363
OTU-B_2406	0	9	91	1	0.00124327177156216	0.699094636528341
OTU-B_2559	4	5	91	0.989703872493658	0.000275540240260713	0.221703414705599
OTU-B_2866	4	4	92	1	0.00010073795066146	0.413569906622041
OTU-B_2448	0	5	95	1	0.00496766329918231	0.640715881385481
OTU-B_835	4	23	73	0.99527939029575	1.04253655850308e-07	0.648629805899736
OTU-B_2321	7	10	83	0.747665778717571	0.0121529223529192	0.693412198703275
OTU-B_2912	13	2	85	0.361745928347333	0.00105993762722938	0.637959018276804
OTU-B_2899	11	15	74	0.398330219206456	3.64973526465566e-07	0.673026438899043
OTU-B_2913	3	12	85	1	2.80508924710765e-07	0.818528635574682
OTU-B_2950	0	16	84	1	8.47886576162151e-07	0.950899636278919
OTU-B_3244	6	13	81	0.771036599956015	4.9678110918223e-08	0.478159328722808
OTU-B_8	4	70	26	0.458046564804986	0.00991112833754604	0.807745800121213
OTU-B_3331	0	72	28	1	6.31017702195944e-17	4.17554712489989e-06
OTU-B_571	12	41	47	0.167314654513051	0.000219551761828768	0.827039757149866
OTU-B_2670	14	7	79	0.271072501367499	4.27688531389152e-13	0.0631938811616495
OTU-B_17	5	69	26	0.24045600516268	0.642505947940276	0.966051607070198
OTU-B_3642	4	14	82	1	1.68327379386565e-07	0.945296538561877
OTU-B_21	6	61	33	0.291462249204633	0.610208471399898	0.959359980872275
OTU-B_26	9	36	55	0.329248613051621	0.017887167716572	0.935871245983311
OTU-B_518	0	47	53	1	8.00801909215175e-07	0.584929707700705
OTU-B_2019	2	13	85	1	0.00472050836502005	0.504591224609752
OTU-B_2369	3	0	97	1	0.000646782671791482	0.706533802188396
OTU-B_2145	0	29	71	1	1.98445059738081e-05	0.895878885829431
OTU-B_212	0	31	69	1	0.363404660173368	0.913168403818219
OTU-B_1262	0	8	92	1	6.05784787466015e-07	0.0435869145854808
OTU-B_223	6	68	26	0.191998368774101	6.90450606876592e-05	0.025660022188443
OTU-B_2647	10	8	82	0.55215642071869	1.08074153435307e-06	0.459581401171941
OTU-B_467	0	30	70	1	2.16809819955341e-05	0.531364871372124
OTU-B_3321	0	7	93	1	2.65617903234721e-08	0.975759406573429
OTU-B_3723	18	18	64	0.0819544323844345	1.59778473949179e-06	0.896268763194455
OTU-B_710	0	12	88	1	9.04594625206863e-05	0.429671582703581
OTU-B_2023	0	14	86	1	0.00635847693282177	0.654337219151633
OTU-B_2087	6	5	89	0.878635341852271	0.128109297257066	0.937889164657797
OTU-B_3308	15	15	70	0.174935022693066	0.000405887703213081	0.873302849957373
OTU-B_3462	7	22	71	0.647844181392472	6.1038368835e-08	0.794411520872126
OTU-B_57	18	15	67	0.132866514673738	0.520135067211025	0.954742831001411
OTU-B_1383	8	30	62	0.510153776725291	0.44543715605814	0.674799946466256
OTU-B_130	0	43	57	1	2.02398150796836e-14	0.134356640624972
OTU-B_153	12	78	10	2.02218964009637e-07	1.32126832334637e-09	0.398991629265015
OTU-B_301	3	26	71	1	6.13701032728177e-11	0.211441091491196
OTU-B_1769	3	37	60	0.955854203382489	0.0497349658588932	0.66108122853064
OTU-B_2196	1	9	90	1	0.0037075741099423	0.647795280835383
OTU-B_2722	12	25	63	0.232951914303161	4.93774465050199e-06	0.534122818137832
OTU-B_1817	0	25	75	1	0.000165720581440153	0.450571704042806
OTU-B_31	18	27	55	0.0500010728149131	4.55295456793798e-06	0.838727371637165
OTU-B_299	18	14	68	0.110780454966446	0.0157096512631383	0.975781680817291
OTU-B_851	29	26	45	0.000600087569461677	0.0795931000922386	0.677234561577377
OTU-B_1139	5	28	67	0.843884528987693	0.00103672271713889	0.237174979911229
OTU-B_423	20	63	17	1.02890208395329e-06	7.76730434685601e-07	0.688704292665561
OTU-B_71	15	34	51	0.0882724417706547	0.577905616485721	0.732207588896523
OTU-B_266	18	54	28	0.0030085201468207	0.798060253933156	0.913180890162627
OTU-B_2337	14	7	79	0.261229866673632	0.0005023265140927	0.563413199733388
OTU-B_473	2	41	57	1	7.77907168026562e-08	0.597918656572532
OTU-B_194	0	51	49	1	5.12688889620752e-07	0.515634684458098
OTU-B_287	10	39	51	0.278654840339726	0.00546446412054854	0.78766260281883
OTU-B_2951	0	8	92	1	0.0015632035802664	0.761914127936318
OTU-B_1597	0	8	92	1	0.0528749955320374	0.956469468914183
OTU-B_315	5	52	43	0.599694749462206	4.62628186978016e-10	0.185949422626707
OTU-B_611	9	44	47	0.280194626033592	5.56100149055557e-10	0.0605741236672254
OTU-B_559	0	10	90	1	2.86502577150664e-06	0.494795832924646
OTU-B_2279	0	4	96	1	0.050559831109517	0.723591064649873
OTU-B_2027	6	0	94	0.88441345533635	0.00108335363522608	0.86184755721145
OTU-B_1579	4	22	74	0.986813323032467	0.529944767915635	0.999703026100181
OTU-B_2286	0	7	93	1	0.01206073720554	0.820960047316724
OTU-B_1280	12	35	53	0.148943014735265	0.055382228102043	0.848111520714075
OTU-B_614	0	33	67	1	7.09732246021244e-08	0.34729545706397
OTU-B_2641	0	10	90	1	0.000414437371992887	0.915747438227446
OTU-B_3583	15	11	74	0.230674315516558	5.3570101381149e-07	0.878848363891706
OTU-B_76	25	41	34	0.000404397410893817	8.43770325242234e-15	0.048689972341375
OTU-B_1000	11	51	38	0.0825307787188719	2.10236867677058e-07	0.814376356624963
OTU-B_1622	3	16	81	1	0.213514610858237	0.778454918629906
OTU-B_637	6	78	16	0.0245389901965406	1.06764150130567e-05	0.833519902057693
OTU-B_678	13	81	6	1.58567581876315e-11	0.0329172435166459	0.793360300932726
OTU-B_582	17	36	47	0.0460139098481142	0.179330040857822	0.568459709500746
OTU-B_1774	4	11	85	1	0.0700641010996777	0.732740128346767
OTU-B_3002	0	2	98	1	0.00014346388209034	0.718868470064505
OTU-B_535	0	43	57	1	3.66822046882389e-05	0.578450412356971
OTU-B_1784	0	22	78	1	0.00066146876865006	0.506775777928878
OTU-B_3358	4	7	89	1	1.55091009116112e-07	0.796704359780983
OTU-B_1576	0	10	90	1	0.00102272357098934	0.916600841454966
OTU-B_2578	11	7	82	0.42633069361275	0.0017523822776273	0.702529005571595
OTU-B_3432	9	20	71	0.517785706316475	4.09793998481043e-07	0.85806539175408
OTU-B_948	1	14	85	1	2.94721949018689e-08	0.550846489059475
OTU-B_1022	0	31	69	1	0.098084513191271	0.555110279194377
OTU-B_1766	15	13	72	0.230674315516558	0.0106831015167856	0.628017789215551
OTU-B_2003	2	16	82	1	0.00159650163720238	0.620789604362629
OTU-B_55	20	67	13	1.05012507850697e-08	0.0247273495314301	0.750698212719564
OTU-B_142	31	53	16	3.59532299237562e-11	8.50079445550411e-08	0.548377749907739
OTU-B_1446	0	43	57	1	0.0452601811213511	0.850314071121595
OTU-B_2040	10	27	63	0.365005350597297	0.00759967343896923	0.564163455257033
OTU-B_264	15	47	38	0.0213704089183498	7.99849322215672e-08	0.00903795552575449
OTU-B_1148	6	40	54	0.62185464281299	1.1227891335181e-05	0.82359073078764
OTU-B_515	13	51	36	0.0334995254438791	5.27649860885591e-08	0.526924205362099
OTU-B_2268	0	3	97	1	0.039544796974962	0.647987774879436
OTU-B_776	12	67	21	0.00203357778979705	0.031809217768341	0.94120729337331
OTU-B_3172	9	7	84	0.605178054807914	7.0188922672094e-07	0.73149225662409
OTU-B_3655	18	10	72	0.117108696954996	0.000130336676080494	0.96823399910688
OTU-B_1111	0	2	98	1	0.00318886883882774	0.847887790717198
OTU-B_1957	16	41	43	0.019328465628769	0.000445285755944848	0.707009521806826
OTU-B_1786	4	34	62	0.859183080809855	0.00307875344040364	0.996822765791793
OTU-B_2205	0	0	100	1	0.00218192026109754	0.767729822500868
OTU-B_2220	0	3	97	1	0.000735371351092962	0.594067455587092
OTU-B_2301	0	17	83	1	2.82585926203476e-05	0.81585423299478
OTU-B_2223	0	7	93	1	0.00418897477655414	0.370647993795397
OTU-B_2267	1	11	88	1	0.0318840192094839	0.969570425107016
OTU-B_162	5	0	95	0.931407113750836	0.782274919939468	0.806690664690911
OTU-B_3185	11	13	76	0.423618380806978	6.82419922886205e-08	0.86877697255104
OTU-B_441	14	19	67	0.209175946668556	0.00514381569995324	0.668523900725553
OTU-B_2927	5	16	79	0.891493397644411	1.26725018432529e-08	0.535073129851437
OTU-B_2377	0	0	100	1	2.3153270223996e-10	0.404782929575388
OTU-B_2390	0	30	70	1	1.27684110056826e-07	0.441135412910232
OTU-B_1283	25	8	67	0.0266023593939629	0.148301488706348	0.756476226184995
OTU-B_1672	0	26	74	1	0.160829330944865	0.776411050843962
OTU-B_3285	15	19	66	0.237037629894541	1.25831527731943e-05	0.772057444090354
OTU-B_590	0	41	59	1	3.25320832936119e-07	0.261538875759876
OTU-B_2623	0	16	84	1	6.78900651335004e-06	0.975371640472581
OTU-B_1071	0	14	86	1	0.0112793088396217	0.638004114405268
OTU-B_718	5	18	77	0.900553935277687	1.45408146021286e-07	0.1535667039249
OTU-B_3131	23	13	64	0.0247743670523354	2.03170934503553e-07	0.579273807520986
OTU-B_450	0	54	46	1	1.68144957727724e-11	0.0491028012274434
OTU-B_2904	10	7	83	0.49729332490849	0.0296064904386616	0.992979897242768
OTU-B_23	34	6	60	0.0024916983208385	0.546810257348974	0.80197089023578
OTU-B_62	2	33	65	1	0.0213289639392389	0.646854075282151
OTU-B_849	11	35	54	0.255389435202139	0.207430956716806	0.795508196437282
OTU-B_3248	0	18	82	1	4.48049471212006e-07	0.944314783011212
OTU-B_967	0	8	92	1	1.42611293313363e-05	0.655186489130254
OTU-B_546	5	49	46	0.61675642425114	4.5128794781004e-08	0.409996803461474
OTU-B_93	7	47	46	0.396203795067184	0.529942648298623	0.991925272613912
OTU-B_485	0	44	56	1	4.18534165816084e-12	0.248964339207731
OTU-B_526	17	7	76	0.239170753708548	6.48649771875627e-05	0.500028476398075
OTU-B_72	1	38	61	1	1.74215444898989e-06	0.742539450663366
OTU-B_381	10	53	37	0.158651329515381	0.0030350690372136	0.622898130124127
OTU-B_744	4	12	84	1	7.48053194385184e-08	0.431309679338416
OTU-B_63	0	6	94	1	0.687296422413686	0.883781004401987
OTU-B_255	16	21	63	0.109910282035313	0.728557790699322	0.920285274276196
OTU-B_972	10	8	82	0.515904109899962	1.86348686748542e-05	0.604454717130412
OTU-B_292	0	36	64	1	0.684134462907098	0.88995979851499
OTU-B_672	3	51	46	0.814905176986169	0.000403216515765959	0.324342192798302
OTU-B_1256	0	28	72	1	0.000153219292414402	0.929131463160162
OTU-B_1348	0	33	67	1	0.00549453481929248	0.865941238143806
OTU-B_795	3	47	50	0.832686007755471	1.07408788501671e-07	0.941621640621261
OTU-B_1382	0	10	90	1	0.161825373829224	0.612775987120757
OTU-B_334	11	29	60	0.307506027731112	0.0178871339411432	0.695242126048976
OTU-B_3040	3	19	78	1	0.00193502892771165	0.880725388027177
OTU-B_888	0	22	78	1	2.15510085882814e-05	0.916021354634662
OTU-B_963	4	8	88	1	0.0897771297933917	0.85259041170515
OTU-B_700	12	2	86	0.432825593482808	0.000647695835077604	0.513797661308137
OTU-B_1091	14	9	77	0.273460514712968	0.00807778135341096	0.850069555701527
OTU-B_2182	12	8	80	0.405288143145244	1.34057722992235e-07	0.431216486945009
OTU-B_2167	7	11	82	0.747665778717571	0.0115884735837935	0.90210916721638
OTU-B_390	0	8	92	1	1.3993443213895e-09	0.401009702622511
OTU-B_187	3	58	39	0.723576361843424	0.539401165599787	0.814312821682186
OTU-B_414	1	72	27	1	1.59224645024281e-05	0.939560013207029
OTU-B_1257	15	4	81	0.320810676637565	0.00166746893783411	0.582591349776881
OTU-B_1454	0	6	94	1	1.24602277811996e-05	0.533755765603427
OTU-B_222	0	43	57	1	0.841426905154794	0.652025954869838
OTU-B_437	5	20	75	0.837163807376921	0.463466884642268	0.941506579660083
OTU-B_532	20	17	63	0.0546040403546375	0.000557885963494475	0.665847117422696
OTU-B_1122	0	10	90	1	0.140317761078869	0.591764196300041
OTU-B_127	6	26	68	0.696037115224025	0.00603348733323111	0.753143448878223
OTU-B_922	0	10	90	1	2.05755755766258e-08	0.324143465171043
OTU-B_3375	13	18	69	0.274168128870418	6.12347457826954e-06	0.681912274010425
OTU-B_205	31	13	56	0.00383080463132586	4.37096592324612e-13	0.0991209092443912
OTU-B_2070	0	6	94	1	2.07049579876186e-07	0.620108860820726
OTU-B_1701	22	40	38	0.00172367697174864	0.0036025900118532	0.780668475111594
OTU-B_3395	4	8	88	1	2.79785958092076e-08	0.751970888178165
OTU-B_1376	22	58	20	7.18624291691664e-07	0.000876196069424752	0.768272137170518
OTU-B_1994	5	46	49	0.620128850965847	1.45988286417851e-05	0.581693906254278
OTU-B_1587	1	24	75	1	0.0547894256132194	0.7614076287628
OTU-B_1058	26	57	17	3.32055895438686e-09	0.0907986794802579	0.98780091415004
OTU-B_1634	18	16	66	0.104576596947327	0.0687585416447788	0.602547127311287
OTU-B_1867	7	19	74	0.652712024497153	0.359606772767438	0.484947677899014
OTU-B_2049	8	15	77	0.640456674290297	0.00558597448530761	0.457044312384075
OTU-B_585	29	59	12	2.09258951414041e-13	0.000743616249401125	0.972374419917469
OTU-B_929	20	49	31	0.000523135398277086	0.134487093866735	0.911292622843289
OTU-B_696	11	78	11	1.67756046531808e-05	0.000184928366354789	0.871598055082718
OTU-B_2787	0	3	97	1	0.00651618060077556	0.554808738198241
OTU-B_289	21	64	15	1.98253658502719e-08	0.0748485680213728	0.398630367648334
OTU-B_2115	0	22	78	1	0.121239598632171	0.856204255301048
OTU-B_297	8	57	35	0.164009262841699	0.115400131123424	0.915994673091696
OTU-B_1184	8	41	51	0.490338111133091	0.19426422702518	0.920029119061234
OTU-B_1708	0	20	80	1	0.00728037606360838	0.485623789360671
OTU-B_2096	26	0	74	0.0291994446148238	0.139016980654763	0.746318228270624
OTU-B_3148	12	0	88	0.405876498246085	0.00163936415108547	0.930217286445712
OTU-B_2608	11	1	88	0.495344113893037	0.00359353521543817	0.704531778484016
OTU-B_1191	0	9	91	1	0.40313049635612	0.879187844562336
OTU-B_2461	15	0	85	0.26597019255569	0.00118878510417959	0.799915886605926
OTU-B_1272	5	10	85	0.913532465430752	0.310028088405309	0.734303296375832
OTU-B_1842	14	15	71	0.236229747035731	0.0520369927345125	0.82847014864923
OTU-B_1171	15	54	31	0.00972396497749893	8.13254364821843e-05	0.980412727636488
OTU-B_2454	0	17	83	1	2.60139262982751e-08	0.223727173711135
OTU-B_3647	19	20	61	0.0511706482730319	0.00144011700419179	0.833788390419843
OTU-B_842	0	50	50	1	0.229163618433922	0.680800617001687
OTU-B_3100	12	6	82	0.42136517434395	0.000612026806627822	0.921039543855453
OTU-B_3164	2	13	85	1	1.12554223885221e-06	0.876813470627737
OTU-B_877	0	36	64	1	0.00130639987526391	0.222300958109148
OTU-B_1776	0	24	76	0.696037115224025	0.0107445162922093	0.468867556200465
OTU-B_1043	2	19	79	1	2.23221848969706e-10	0.127607808189964
OTU-B_1195	0	0	100	1	0.000587174150056298	1
OTU-B_2308	0	26	74	1	8.09486602096125e-06	0.480833251313318
OTU-B_2728	8	4	88	0.680003402629394	2.32853326343193e-05	0.727479323055046
OTU-B_126	23	28	49	0.00599776331198153	0.0100180065388144	0.61914563759285
OTU-B_1536	9	24	67	0.507908338360691	0.267580448936728	0.866813232535601
OTU-B_2588	9	3	88	0.630701801989194	8.25482204455547e-06	0.412531997489289
OTU-B_914	10	46	44	0.15991777541856	0.0331662192063898	0.782438158992435
OTU-B_300	29	30	41	0.000308391508490328	0.185538923309964	0.805794135535927
OTU-B_149	12	29	59	0.250992989585192	0.789401387919801	0.864807122540593
OTU-B_1245	16	5	79	0.23808350779155	0.0037128825658888	0.90014645473332
OTU-B_1469	7	15	78	0.737515807386675	0.0371397129323698	0.804245544707318
OTU-B_66	5	28	67	0.830381489158078	0.336245245202446	0.986156515765593
OTU-B_69	31	8	61	0.00350665850418693	0.000607015051359536	0.684481586812155
OTU-B_156	26	22	52	0.00869594480910031	2.64509643539124e-07	0.527795135319644
OTU-B_925	15	7	78	0.285310296416644	0.570081953593537	0.901098425125148
